{
    "camera": "FaceTime HD Camera (05ac:8514)",
    "platform": "Macintosh; Intel Mac OS X 10_14_6",
    "avg_reprojection_error": 0.44258835212316044,
    "camera_matrix": {
        "type_id": "opencv-matrix",
        "rows": 3,
        "cols": 3,
        "dt": "d",
        "data": [
            954.0874994019651,
            0,
            660.572082940535,
            0,
            949.9159862376827,
            329.78814306885795,
            0,
            0,
            1
        ]
    },
    "distortion_coefficients": {
        "type_id": "opencv-matrix",
        "rows": 5,
        "cols": 1,
        "dt": "d",
        "data": [
            0.036998502838994515,
            -0.13207581435883872,
            -0.000045055253893522236,
            -0.007745497656725853,
            0.11519181871308336
        ]
    },
    "distortion_model": "rectilinear",
    "img_size": {
        "type_id": "opencv-matrix",
        "rows": 2,
        "cols": 1,
        "dt": "d",
        "data": [
            1280,
            720
        ]
    },
    "calibration_time": "Fri, 05 Jun 2020 13:26:02 GMT"
}